MATRICES	D_Count	H_Count
had(1,2,4,6)	96	86
had(1,4,2,6)	96	86
had(2,1,6,4)	96	86
had(4,1,6,2)	96	86
had(1,2,5,7)	104	86
had(2,1,7,5)	104	86
had(1,2,8,10)	96	86
had(1,8,2,10)	96	86
had(2,1,10,8)	96	86
had(8,1,10,2)	96	86
had(1,2,14,12)	104	86
had(2,1,12,14)	104	86
had(1,2,15,13)	96	86
had(1,15,2,13)	96	86
had(2,1,13,15)	96	86
had(15,1,13,2)	96	86
had(1,8,3,11)	104	86
had(8,1,11,3)	104	86
had(1,15,3,12)	104	86
had(15,1,12,3)	104	86
had(1,4,8,12)	96	86
had(1,8,4,12)	96	86
had(4,1,12,8)	96	86
had(8,1,12,4)	96	86
had(1,4,9,13)	104	86
had(4,1,13,9)	104	86
had(1,4,14,10)	104	86
had(4,1,10,14)	104	86
had(1,4,15,11)	96	86
had(1,15,4,11)	96	86
had(4,1,11,15)	96	86
had(15,1,11,4)	96	86
had(1,8,5,13)	104	86
had(8,1,13,5)	104	86
had(1,15,9,6)	104	86
had(15,1,6,9)	104	86
had(1,8,15,7)	96	86
had(1,15,8,7)	96	86
had(8,1,7,15)	96	86
had(15,1,7,8)	96	86
had(1,5,2,7)	104	90
had(5,1,7,2)	104	90
had(1,14,2,12)	104	90
had(14,1,12,2)	104	90
had(1,3,5,6)	112	90
had(1,5,3,6)	112	90
had(3,1,6,5)	112	90
had(5,1,6,3)	112	90
had(1,3,8,11)	104	90
had(3,1,11,8)	104	90
had(1,3,9,10)	112	90
had(1,9,3,10)	112	90
had(3,1,10,9)	112	90
had(9,1,10,3)	112	90
had(1,3,15,12)	104	90
had(3,1,12,15)	104	90
had(1,9,4,13)	104	90
had(9,1,13,4)	104	90
had(1,14,4,10)	104	90
had(14,1,10,4)	104	90
had(1,5,8,13)	104	90
had(5,1,13,8)	104	90
had(1,5,14,11)	112	90
had(1,14,5,11)	112	90
had(5,1,11,14)	112	90
had(14,1,11,5)	112	90
had(1,9,15,6)	104	90
had(9,1,6,15)	104	90
had(1,9,14,7)	112	90
had(1,14,9,7)	112	90
had(9,1,7,14)	112	90
had(14,1,7,9)	112	90
had(1,6,2,4)	96	92
had(1,6,4,2)	96	92
had(2,4,1,6)	96	92
had(2,4,6,1)	96	92
had(4,2,1,6)	96	92
had(4,2,6,1)	96	92
had(6,1,2,4)	96	92
had(6,1,4,2)	96	92
had(1,7,2,5)	104	92
had(1,7,5,2)	104	92
had(7,1,2,5)	104	92
had(7,1,5,2)	104	92
had(1,10,2,8)	96	92
had(1,10,8,2)	96	92
had(2,8,1,10)	96	92
had(2,8,10,1)	96	92
had(8,2,1,10)	96	92
had(8,2,10,1)	96	92
had(10,1,2,8)	96	92
had(10,1,8,2)	96	92
had(1,12,2,14)	104	92
had(1,12,14,2)	104	92
had(12,1,2,14)	104	92
had(12,1,14,2)	104	92
had(1,13,2,15)	96	92
had(1,13,15,2)	96	92
had(2,15,1,13)	96	92
had(2,15,13,1)	96	92
had(13,1,2,15)	96	92
had(13,1,15,2)	96	92
had(15,2,1,13)	96	92
had(15,2,13,1)	96	92
had(1,6,3,5)	112	92
had(1,6,5,3)	112	92
had(6,1,3,5)	112	92
had(6,1,5,3)	112	92
had(1,11,3,8)	104	92
had(1,11,8,3)	104	92
had(11,1,3,8)	104	92
had(11,1,8,3)	104	92
had(1,10,3,9)	112	92
had(1,10,9,3)	112	92
had(10,1,3,9)	112	92
had(10,1,9,3)	112	92
had(1,12,3,15)	104	92
had(1,12,15,3)	104	92
had(12,1,3,15)	104	92
had(12,1,15,3)	104	92
had(1,12,4,8)	96	92
had(1,12,8,4)	96	92
had(4,8,1,12)	96	92
had(4,8,12,1)	96	92
had(8,4,1,12)	96	92
had(8,4,12,1)	96	92
had(12,1,4,8)	96	92
had(12,1,8,4)	96	92
had(1,13,4,9)	104	92
had(1,13,9,4)	104	92
had(13,1,4,9)	104	92
had(13,1,9,4)	104	92
had(1,10,4,14)	104	92
had(1,10,14,4)	104	92
had(10,1,4,14)	104	92
had(10,1,14,4)	104	92
had(1,11,4,15)	96	92
had(1,11,15,4)	96	92
had(4,15,1,11)	96	92
had(4,15,11,1)	96	92
had(11,1,4,15)	96	92
had(11,1,15,4)	96	92
had(15,4,1,11)	96	92
had(15,4,11,1)	96	92
had(1,13,5,8)	104	92
had(1,13,8,5)	104	92
had(13,1,5,8)	104	92
had(13,1,8,5)	104	92
had(1,11,5,14)	112	92
had(1,11,14,5)	112	92
had(11,1,5,14)	112	92
had(11,1,14,5)	112	92
had(1,6,9,15)	104	92
had(1,6,15,9)	104	92
had(6,1,9,15)	104	92
had(6,1,15,9)	104	92
had(1,7,8,15)	96	92
had(1,7,15,8)	96	92
had(7,1,8,15)	96	92
had(7,1,15,8)	96	92
had(8,15,1,7)	96	92
had(8,15,7,1)	96	92
had(15,8,1,7)	96	92
had(15,8,7,1)	96	92
had(1,7,9,14)	112	92
had(1,7,14,9)	112	92
had(7,1,9,14)	112	92
had(7,1,14,9)	112	92
had(2,4,10,13)	120	92
had(2,4,13,10)	120	92
had(4,2,10,13)	120	92
had(4,2,13,10)	120	92
had(2,15,6,10)	120	92
had(2,15,10,6)	120	92
had(15,2,6,10)	120	92
had(15,2,10,6)	120	92
had(2,8,7,12)	120	92
had(2,8,12,7)	120	92
had(8,2,7,12)	120	92
had(8,2,12,7)	120	92
had(2,15,7,11)	120	92
had(2,15,11,7)	120	92
had(15,2,7,11)	120	92
had(15,2,11,7)	120	92
had(4,8,6,11)	120	92
had(4,8,11,6)	120	92
had(8,4,6,11)	120	92
had(8,4,11,6)	120	92
had(4,15,6,12)	120	92
had(4,15,12,6)	120	92
had(15,4,6,12)	120	92
had(15,4,12,6)	120	92
had(4,8,7,10)	120	92
had(4,8,10,7)	120	92
had(8,4,7,10)	120	92
had(8,4,10,7)	120	92
had(8,15,11,13)	120	92
had(8,15,13,11)	120	92
had(15,8,11,13)	120	92
had(15,8,13,11)	120	92
had(2,5,1,7)	104	96
had(2,5,7,1)	104	96
had(5,2,1,7)	104	96
had(5,2,7,1)	104	96
had(2,14,1,12)	104	96
had(2,14,12,1)	104	96
had(14,2,1,12)	104	96
had(14,2,12,1)	104	96
had(3,8,1,11)	104	96
had(3,8,11,1)	104	96
had(8,3,1,11)	104	96
had(8,3,11,1)	104	96
had(3,15,1,12)	104	96
had(3,15,12,1)	104	96
had(15,3,1,12)	104	96
had(15,3,12,1)	104	96
had(4,9,1,13)	104	96
had(4,9,13,1)	104	96
had(9,4,1,13)	104	96
had(9,4,13,1)	104	96
had(4,14,1,10)	104	96
had(4,14,10,1)	104	96
had(14,4,1,10)	104	96
had(14,4,10,1)	104	96
had(5,8,1,13)	104	96
had(5,8,13,1)	104	96
had(8,5,1,13)	104	96
had(8,5,13,1)	104	96
had(9,15,1,6)	104	96
had(9,15,6,1)	104	96
had(15,9,1,6)	104	96
had(15,9,6,1)	104	96
had(2,5,10,12)	128	96
had(2,5,12,10)	128	96
had(5,2,10,12)	128	96
had(5,2,12,10)	128	96
had(2,5,11,13)	128	96
had(2,5,13,11)	128	96
had(5,2,11,13)	128	96
had(5,2,13,11)	128	96
had(2,9,6,12)	128	96
had(2,9,12,6)	128	96
had(9,2,6,12)	128	96
had(9,2,12,6)	128	96
had(2,14,6,11)	128	96
had(2,14,11,6)	128	96
had(14,2,6,11)	128	96
had(14,2,11,6)	128	96
had(2,9,7,13)	128	96
had(2,9,13,7)	128	96
had(9,2,7,13)	128	96
had(9,2,13,7)	128	96
had(3,4,10,12)	128	96
had(3,4,12,10)	128	96
had(4,3,10,12)	128	96
had(4,3,12,10)	128	96
had(3,4,11,13)	128	96
had(3,4,13,11)	128	96
had(4,3,11,13)	128	96
had(4,3,13,11)	128	96
had(3,8,6,12)	128	96
had(3,8,12,6)	128	96
had(8,3,6,12)	128	96
had(8,3,12,6)	128	96
had(3,8,7,13)	128	96
had(3,8,13,7)	128	96
had(8,3,7,13)	128	96
had(8,3,13,7)	128	96
had(3,15,7,10)	128	96
had(3,15,10,7)	128	96
had(15,3,7,10)	128	96
had(15,3,10,7)	128	96
had(4,14,6,13)	128	96
had(4,14,13,6)	128	96
had(14,4,6,13)	128	96
had(14,4,13,6)	128	96
had(4,9,7,11)	128	96
had(4,9,11,7)	128	96
had(9,4,7,11)	128	96
had(9,4,11,7)	128	96
had(4,14,7,12)	128	96
had(4,14,12,7)	128	96
had(14,4,7,12)	128	96
had(14,4,12,7)	128	96
had(5,8,6,10)	128	96
had(5,8,10,6)	128	96
had(8,5,6,10)	128	96
had(8,5,10,6)	128	96
had(5,15,6,13)	128	96
had(5,15,13,6)	128	96
had(15,5,6,13)	128	96
had(15,5,13,6)	128	96
had(5,15,7,12)	128	96
had(5,15,12,7)	128	96
had(15,5,7,12)	128	96
had(15,5,12,7)	128	96
had(8,14,10,13)	128	96
had(8,14,13,10)	128	96
had(14,8,10,13)	128	96
had(14,8,13,10)	128	96
had(8,14,11,12)	128	96
had(8,14,12,11)	128	96
had(14,8,11,12)	128	96
had(14,8,12,11)	128	96
had(9,15,10,13)	128	96
had(9,15,13,10)	128	96
had(15,9,10,13)	128	96
had(15,9,13,10)	128	96
had(9,15,11,12)	128	96
had(9,15,12,11)	128	96
had(15,9,11,12)	128	96
had(15,9,12,11)	128	96
had(2,6,1,4)	96	98
had(4,6,1,2)	96	98
had(6,2,4,1)	96	98
had(6,4,2,1)	96	98
had(2,7,1,5)	104	98
had(7,2,5,1)	104	98
had(2,10,1,8)	96	98
had(8,10,1,2)	96	98
had(10,2,8,1)	96	98
had(10,8,2,1)	96	98
had(2,12,1,14)	104	98
had(12,2,14,1)	104	98
had(2,13,1,15)	96	98
had(13,2,15,1)	96	98
had(13,15,2,1)	96	98
had(15,13,1,2)	96	98
had(8,11,1,3)	104	98
had(11,8,3,1)	104	98
had(12,15,3,1)	104	98
had(15,12,1,3)	104	98
had(4,12,1,8)	96	98
had(8,12,1,4)	96	98
had(12,4,8,1)	96	98
had(12,8,4,1)	96	98
had(4,13,1,9)	104	98
had(13,4,9,1)	104	98
had(4,10,1,14)	104	98
had(10,4,14,1)	104	98
had(4,11,1,15)	96	98
had(11,4,15,1)	96	98
had(11,15,4,1)	96	98
had(15,11,1,4)	96	98
had(8,13,1,5)	104	98
had(13,8,5,1)	104	98
had(6,15,9,1)	104	98
had(15,6,1,9)	104	98
had(7,8,15,1)	96	98
had(7,15,8,1)	96	98
had(8,7,1,15)	96	98
had(15,7,1,8)	96	98
had(2,10,13,4)	120	98
had(2,13,10,4)	120	98
had(4,10,13,2)	120	98
had(4,13,10,2)	120	98
had(10,2,4,13)	120	98
had(10,4,2,13)	120	98
had(13,2,4,10)	120	98
had(13,4,2,10)	120	98
had(2,10,12,5)	128	98
had(2,12,10,5)	128	98
had(10,2,5,12)	128	98
had(12,2,5,10)	128	98
had(2,11,13,5)	128	98
had(2,13,11,5)	128	98
had(11,2,5,13)	128	98
had(13,2,5,11)	128	98
had(2,6,12,9)	128	98
had(2,12,6,9)	128	98
had(6,2,9,12)	128	98
had(12,2,9,6)	128	98
had(2,6,10,15)	120	98
had(2,10,6,15)	120	98
had(6,2,15,10)	120	98
had(6,15,2,10)	120	98
had(10,2,15,6)	120	98
had(10,15,2,6)	120	98
had(15,6,10,2)	120	98
had(15,10,6,2)	120	98
had(2,6,11,14)	128	98
had(2,11,6,14)	128	98
had(6,2,14,11)	128	98
had(11,2,14,6)	128	98
had(2,7,12,8)	120	98
had(2,12,7,8)	120	98
had(7,2,8,12)	120	98
had(7,8,2,12)	120	98
had(8,7,12,2)	120	98
had(8,12,7,2)	120	98
had(12,2,8,7)	120	98
had(12,8,2,7)	120	98
had(2,7,13,9)	128	98
had(2,13,7,9)	128	98
had(7,2,9,13)	128	98
had(13,2,9,7)	128	98
had(2,7,11,15)	120	98
had(2,11,7,15)	120	98
had(7,2,15,11)	120	98
had(7,15,2,11)	120	98
had(11,2,15,7)	120	98
had(11,15,2,7)	120	98
had(15,7,11,2)	120	98
had(15,11,7,2)	120	98
had(4,10,12,3)	128	98
had(4,12,10,3)	128	98
had(10,4,3,12)	128	98
had(12,4,3,10)	128	98
had(4,11,13,3)	128	98
had(4,13,11,3)	128	98
had(11,4,3,13)	128	98
had(13,4,3,11)	128	98
had(6,8,3,12)	128	98
had(8,6,12,3)	128	98
had(8,12,6,3)	128	98
had(12,8,3,6)	128	98
had(7,8,3,13)	128	98
had(8,7,13,3)	128	98
had(8,13,7,3)	128	98
had(13,8,3,7)	128	98
had(7,15,3,10)	128	98
had(10,15,3,7)	128	98
had(15,7,10,3)	128	98
had(15,10,7,3)	128	98
had(4,6,11,8)	120	98
had(4,11,6,8)	120	98
had(6,4,8,11)	120	98
had(6,8,4,11)	120	98
had(8,6,11,4)	120	98
had(8,11,6,4)	120	98
had(11,4,8,6)	120	98
had(11,8,4,6)	120	98
had(4,6,12,15)	120	98
had(4,12,6,15)	120	98
had(6,4,15,12)	120	98
had(6,15,4,12)	120	98
had(12,4,15,6)	120	98
had(12,15,4,6)	120	98
had(15,6,12,4)	120	98
had(15,12,6,4)	120	98
had(4,6,13,14)	128	98
had(4,13,6,14)	128	98
had(6,4,14,13)	128	98
had(13,4,14,6)	128	98
had(4,7,10,8)	120	98
had(4,10,7,8)	120	98
had(7,4,8,10)	120	98
had(7,8,4,10)	120	98
had(8,7,10,4)	120	98
had(8,10,7,4)	120	98
had(10,4,8,7)	120	98
had(10,8,4,7)	120	98
had(4,7,11,9)	128	98
had(4,11,7,9)	128	98
had(7,4,9,11)	128	98
had(11,4,9,7)	128	98
had(4,7,12,14)	128	98
had(4,12,7,14)	128	98
had(7,4,14,12)	128	98
had(12,4,14,7)	128	98
had(6,8,5,10)	128	98
had(8,6,10,5)	128	98
had(8,10,6,5)	128	98
had(10,8,5,6)	128	98
had(6,15,5,13)	128	98
had(13,15,5,6)	128	98
had(15,6,13,5)	128	98
had(15,13,6,5)	128	98
had(7,15,5,12)	128	98
had(12,15,5,7)	128	98
had(15,7,12,5)	128	98
had(15,12,7,5)	128	98
had(8,10,13,14)	128	98
had(8,13,10,14)	128	98
had(10,8,14,13)	128	98
had(13,8,14,10)	128	98
had(8,11,12,14)	128	98
had(8,12,11,14)	128	98
had(11,8,14,12)	128	98
had(12,8,14,11)	128	98
had(8,11,13,15)	120	98
had(8,13,11,15)	120	98
had(11,8,15,13)	120	98
had(11,15,8,13)	120	98
had(13,8,15,11)	120	98
had(13,15,8,11)	120	98
had(15,11,13,8)	120	98
had(15,13,11,8)	120	98
had(10,15,9,13)	128	98
had(13,15,9,10)	128	98
had(15,10,13,9)	128	98
had(15,13,10,9)	128	98
had(11,15,9,12)	128	98
had(12,15,9,11)	128	98
had(15,11,12,9)	128	98
had(15,12,11,9)	128	98
had(3,5,1,6)	112	100
had(3,5,6,1)	112	100
had(5,3,1,6)	112	100
had(5,3,6,1)	112	100
had(3,9,1,10)	112	100
had(3,9,10,1)	112	100
had(9,3,1,10)	112	100
had(9,3,10,1)	112	100
had(5,14,1,11)	112	100
had(5,14,11,1)	112	100
had(14,5,1,11)	112	100
had(14,5,11,1)	112	100
had(9,14,1,7)	112	100
had(9,14,7,1)	112	100
had(14,9,1,7)	112	100
had(14,9,7,1)	112	100
had(3,5,10,13)	136	100
had(3,5,13,10)	136	100
had(5,3,10,13)	136	100
had(5,3,13,10)	136	100
had(3,14,6,10)	136	100
had(3,14,10,6)	136	100
had(14,3,6,10)	136	100
had(14,3,10,6)	136	100
had(3,9,7,12)	136	100
had(3,9,12,7)	136	100
had(9,3,7,12)	136	100
had(9,3,12,7)	136	100
had(3,14,7,11)	136	100
had(3,14,11,7)	136	100
had(14,3,7,11)	136	100
had(14,3,11,7)	136	100
had(5,9,6,11)	136	100
had(5,9,11,6)	136	100
had(9,5,6,11)	136	100
had(9,5,11,6)	136	100
had(5,14,6,12)	136	100
had(5,14,12,6)	136	100
had(14,5,6,12)	136	100
had(14,5,12,6)	136	100
had(5,9,7,10)	136	100
had(5,9,10,7)	136	100
had(9,5,7,10)	136	100
had(9,5,10,7)	136	100
had(9,14,11,13)	136	100
had(9,14,13,11)	136	100
had(14,9,11,13)	136	100
had(14,9,13,11)	136	100
had(1,2,6,4)	96	102
had(1,4,6,2)	96	102
had(2,1,4,6)	96	102
had(4,1,2,6)	96	102
had(1,2,7,5)	104	102
had(2,1,5,7)	104	102
had(5,7,1,2)	104	102
had(7,5,2,1)	104	102
had(1,2,10,8)	96	102
had(1,8,10,2)	96	102
had(2,1,8,10)	96	102
had(8,1,2,10)	96	102
had(1,2,12,14)	104	102
had(2,1,14,12)	104	102
had(12,14,2,1)	104	102
had(14,12,1,2)	104	102
had(1,2,13,15)	96	102
had(1,15,13,2)	96	102
had(2,1,15,13)	96	102
had(15,1,2,13)	96	102
had(3,6,1,5)	112	102
had(5,6,1,3)	112	102
had(6,3,5,1)	112	102
had(6,5,3,1)	112	102
had(1,8,11,3)	104	102
had(3,11,1,8)	104	102
had(8,1,3,11)	104	102
had(11,3,8,1)	104	102
had(3,10,1,9)	112	102
had(9,10,1,3)	112	102
had(10,3,9,1)	112	102
had(10,9,3,1)	112	102
had(1,15,12,3)	104	102
had(3,12,1,15)	104	102
had(12,3,15,1)	104	102
had(15,1,3,12)	104	102
had(1,4,12,8)	96	102
had(1,8,12,4)	96	102
had(4,1,8,12)	96	102
had(8,1,4,12)	96	102
had(1,4,13,9)	104	102
had(4,1,9,13)	104	102
had(9,13,1,4)	104	102
had(13,9,4,1)	104	102
had(1,4,10,14)	104	102
had(4,1,14,10)	104	102
had(10,14,4,1)	104	102
had(14,10,1,4)	104	102
had(1,4,11,15)	96	102
had(1,15,11,4)	96	102
had(4,1,15,11)	96	102
had(15,1,4,11)	96	102
had(1,8,13,5)	104	102
had(5,13,1,8)	104	102
had(8,1,5,13)	104	102
had(13,5,8,1)	104	102
had(5,11,1,14)	112	102
had(11,5,14,1)	112	102
had(11,14,5,1)	112	102
had(14,11,1,5)	112	102
had(1,15,6,9)	104	102
had(6,9,15,1)	104	102
had(9,6,1,15)	104	102
had(15,1,9,6)	104	102
had(1,8,7,15)	96	102
had(1,15,7,8)	96	102
had(8,1,15,7)	96	102
had(15,1,8,7)	96	102
had(7,9,14,1)	112	102
had(7,14,9,1)	112	102
had(9,7,1,14)	112	102
had(14,7,1,9)	112	102
had(5,10,12,2)	128	102
had(5,12,10,2)	128	102
had(10,5,2,12)	128	102
had(12,5,2,10)	128	102
had(5,11,13,2)	128	102
had(5,13,11,2)	128	102
had(11,5,2,13)	128	102
had(13,5,2,11)	128	102
had(6,9,2,12)	128	102
had(9,6,12,2)	128	102
had(9,12,6,2)	128	102
had(12,9,2,6)	128	102
had(6,14,2,11)	128	102
had(11,14,2,6)	128	102
had(14,6,11,2)	128	102
had(14,11,6,2)	128	102
had(7,9,2,13)	128	102
had(9,7,13,2)	128	102
had(9,13,7,2)	128	102
had(13,9,2,7)	128	102
had(3,10,12,4)	128	102
had(3,12,10,4)	128	102
had(10,3,4,12)	128	102
had(12,3,4,10)	128	102
had(3,11,13,4)	128	102
had(3,13,11,4)	128	102
had(11,3,4,13)	128	102
had(13,3,4,11)	128	102
had(3,10,13,5)	136	102
had(3,13,10,5)	136	102
had(5,10,13,3)	136	102
had(5,13,10,3)	136	102
had(10,3,5,13)	136	102
had(10,5,3,13)	136	102
had(13,3,5,10)	136	102
had(13,5,3,10)	136	102
had(3,6,12,8)	128	102
had(3,12,6,8)	128	102
had(6,3,8,12)	128	102
had(12,3,8,6)	128	102
had(3,6,10,14)	136	102
had(3,10,6,14)	136	102
had(6,3,14,10)	136	102
had(6,14,3,10)	136	102
had(10,3,14,6)	136	102
had(10,14,3,6)	136	102
had(14,6,10,3)	136	102
had(14,10,6,3)	136	102
had(3,7,13,8)	128	102
had(3,13,7,8)	128	102
had(7,3,8,13)	128	102
had(13,3,8,7)	128	102
had(3,7,12,9)	136	102
had(3,12,7,9)	136	102
had(7,3,9,12)	136	102
had(7,9,3,12)	136	102
had(9,7,12,3)	136	102
had(9,12,7,3)	136	102
had(12,3,9,7)	136	102
had(12,9,3,7)	136	102
had(3,7,10,15)	128	102
had(3,10,7,15)	128	102
had(7,3,15,10)	128	102
had(10,3,15,7)	128	102
had(3,7,11,14)	136	102
had(3,11,7,14)	136	102
had(7,3,14,11)	136	102
had(7,14,3,11)	136	102
had(11,3,14,7)	136	102
had(11,14,3,7)	136	102
had(14,7,11,3)	136	102
had(14,11,7,3)	136	102
had(6,14,4,13)	128	102
had(13,14,4,6)	128	102
had(14,6,13,4)	128	102
had(14,13,6,4)	128	102
had(7,9,4,11)	128	102
had(9,7,11,4)	128	102
had(9,11,7,4)	128	102
had(11,9,4,7)	128	102
had(7,14,4,12)	128	102
had(12,14,4,7)	128	102
had(14,7,12,4)	128	102
had(14,12,7,4)	128	102
had(5,6,10,8)	128	102
had(5,10,6,8)	128	102
had(6,5,8,10)	128	102
had(10,5,8,6)	128	102
had(5,6,11,9)	136	102
had(5,11,6,9)	136	102
had(6,5,9,11)	136	102
had(6,9,5,11)	136	102
had(9,6,11,5)	136	102
had(9,11,6,5)	136	102
had(11,5,9,6)	136	102
had(11,9,5,6)	136	102
had(5,6,12,14)	136	102
had(5,12,6,14)	136	102
had(6,5,14,12)	136	102
had(6,14,5,12)	136	102
had(12,5,14,6)	136	102
had(12,14,5,6)	136	102
had(14,6,12,5)	136	102
had(14,12,6,5)	136	102
had(5,6,13,15)	128	102
had(5,13,6,15)	128	102
had(6,5,15,13)	128	102
had(13,5,15,6)	128	102
had(5,7,10,9)	136	102
had(5,10,7,9)	136	102
had(7,5,9,10)	136	102
had(7,9,5,10)	136	102
had(9,7,10,5)	136	102
had(9,10,7,5)	136	102
had(10,5,9,7)	136	102
had(10,9,5,7)	136	102
had(5,7,12,15)	128	102
had(5,12,7,15)	128	102
had(7,5,15,12)	128	102
had(12,5,15,7)	128	102
had(10,14,8,13)	128	102
had(13,14,8,10)	128	102
had(14,10,13,8)	128	102
had(14,13,10,8)	128	102
had(11,14,8,12)	128	102
had(12,14,8,11)	128	102
had(14,11,12,8)	128	102
had(14,12,11,8)	128	102
had(9,10,13,15)	128	102
had(9,13,10,15)	128	102
had(10,9,15,13)	128	102
had(13,9,15,10)	128	102
had(9,11,12,15)	128	102
had(9,12,11,15)	128	102
had(11,9,15,12)	128	102
had(12,9,15,11)	128	102
had(9,11,13,14)	136	102
had(9,13,11,14)	136	102
had(11,9,14,13)	136	102
had(11,14,9,13)	136	102
had(13,9,14,11)	136	102
had(13,14,9,11)	136	102
had(14,11,13,9)	136	102
had(14,13,11,9)	136	102
had(10,13,2,4)	120	104
had(10,13,4,2)	120	104
had(13,10,2,4)	120	104
had(13,10,4,2)	120	104
had(10,12,2,5)	128	104
had(10,12,5,2)	128	104
had(12,10,2,5)	128	104
had(12,10,5,2)	128	104
had(11,13,2,5)	128	104
had(11,13,5,2)	128	104
had(13,11,2,5)	128	104
had(13,11,5,2)	128	104
had(6,12,2,9)	128	104
had(6,12,9,2)	128	104
had(12,6,2,9)	128	104
had(12,6,9,2)	128	104
had(6,10,2,15)	120	104
had(6,10,15,2)	120	104
had(10,6,2,15)	120	104
had(10,6,15,2)	120	104
had(6,11,2,14)	128	104
had(6,11,14,2)	128	104
had(11,6,2,14)	128	104
had(11,6,14,2)	128	104
had(7,12,2,8)	120	104
had(7,12,8,2)	120	104
had(12,7,2,8)	120	104
had(12,7,8,2)	120	104
had(7,13,2,9)	128	104
had(7,13,9,2)	128	104
had(13,7,2,9)	128	104
had(13,7,9,2)	128	104
had(7,11,2,15)	120	104
had(7,11,15,2)	120	104
had(11,7,2,15)	120	104
had(11,7,15,2)	120	104
had(10,12,3,4)	128	104
had(10,12,4,3)	128	104
had(12,10,3,4)	128	104
had(12,10,4,3)	128	104
had(11,13,3,4)	128	104
had(11,13,4,3)	128	104
had(13,11,3,4)	128	104
had(13,11,4,3)	128	104
had(10,13,3,5)	136	104
had(10,13,5,3)	136	104
had(13,10,3,5)	136	104
had(13,10,5,3)	136	104
had(6,12,3,8)	128	104
had(6,12,8,3)	128	104
had(12,6,3,8)	128	104
had(12,6,8,3)	128	104
had(6,10,3,14)	136	104
had(6,10,14,3)	136	104
had(10,6,3,14)	136	104
had(10,6,14,3)	136	104
had(7,13,3,8)	128	104
had(7,13,8,3)	128	104
had(13,7,3,8)	128	104
had(13,7,8,3)	128	104
had(7,12,3,9)	136	104
had(7,12,9,3)	136	104
had(12,7,3,9)	136	104
had(12,7,9,3)	136	104
had(7,10,3,15)	128	104
had(7,10,15,3)	128	104
had(10,7,3,15)	128	104
had(10,7,15,3)	128	104
had(7,11,3,14)	136	104
had(7,11,14,3)	136	104
had(11,7,3,14)	136	104
had(11,7,14,3)	136	104
had(6,11,4,8)	120	104
had(6,11,8,4)	120	104
had(11,6,4,8)	120	104
had(11,6,8,4)	120	104
had(6,12,4,15)	120	104
had(6,12,15,4)	120	104
had(12,6,4,15)	120	104
had(12,6,15,4)	120	104
had(6,13,4,14)	128	104
had(6,13,14,4)	128	104
had(13,6,4,14)	128	104
had(13,6,14,4)	128	104
had(7,10,4,8)	120	104
had(7,10,8,4)	120	104
had(10,7,4,8)	120	104
had(10,7,8,4)	120	104
had(7,11,4,9)	128	104
had(7,11,9,4)	128	104
had(11,7,4,9)	128	104
had(11,7,9,4)	128	104
had(7,12,4,14)	128	104
had(7,12,14,4)	128	104
had(12,7,4,14)	128	104
had(12,7,14,4)	128	104
had(6,10,5,8)	128	104
had(6,10,8,5)	128	104
had(10,6,5,8)	128	104
had(10,6,8,5)	128	104
had(6,11,5,9)	136	104
had(6,11,9,5)	136	104
had(11,6,5,9)	136	104
had(11,6,9,5)	136	104
had(6,12,5,14)	136	104
had(6,12,14,5)	136	104
had(12,6,5,14)	136	104
had(12,6,14,5)	136	104
had(6,13,5,15)	128	104
had(6,13,15,5)	128	104
had(13,6,5,15)	128	104
had(13,6,15,5)	128	104
had(7,10,5,9)	136	104
had(7,10,9,5)	136	104
had(10,7,5,9)	136	104
had(10,7,9,5)	136	104
had(7,12,5,15)	128	104
had(7,12,15,5)	128	104
had(12,7,5,15)	128	104
had(12,7,15,5)	128	104
had(10,13,8,14)	128	104
had(10,13,14,8)	128	104
had(13,10,8,14)	128	104
had(13,10,14,8)	128	104
had(11,12,8,14)	128	104
had(11,12,14,8)	128	104
had(12,11,8,14)	128	104
had(12,11,14,8)	128	104
had(11,13,8,15)	120	104
had(11,13,15,8)	120	104
had(13,11,8,15)	120	104
had(13,11,15,8)	120	104
had(10,13,9,15)	128	104
had(10,13,15,9)	128	104
had(13,10,9,15)	128	104
had(13,10,15,9)	128	104
had(11,12,9,15)	128	104
had(11,12,15,9)	128	104
had(12,11,9,15)	128	104
had(12,11,15,9)	128	104
had(11,13,9,14)	136	104
had(11,13,14,9)	136	104
had(13,11,9,14)	136	104
had(13,11,14,9)	136	104
had(1,5,7,2)	104	106
had(5,1,2,7)	104	106
had(1,14,12,2)	104	106
had(14,1,2,12)	104	106
had(1,3,6,5)	112	106
had(1,5,6,3)	112	106
had(3,1,5,6)	112	106
had(5,1,3,6)	112	106
had(1,3,11,8)	104	106
had(3,1,8,11)	104	106
had(1,3,10,9)	112	106
had(1,9,10,3)	112	106
had(3,1,9,10)	112	106
had(9,1,3,10)	112	106
had(1,3,12,15)	104	106
had(3,1,15,12)	104	106
had(1,9,13,4)	104	106
had(9,1,4,13)	104	106
had(1,14,10,4)	104	106
had(14,1,4,10)	104	106
had(1,5,13,8)	104	106
had(5,1,8,13)	104	106
had(1,5,11,14)	112	106
had(1,14,11,5)	112	106
had(5,1,14,11)	112	106
had(14,1,5,11)	112	106
had(1,9,6,15)	104	106
had(9,1,15,6)	104	106
had(1,9,7,14)	112	106
had(1,14,7,9)	112	106
had(9,1,14,7)	112	106
had(14,1,9,7)	112	106
had(1,6,10,12)	120	108
had(1,6,12,10)	120	108
had(1,10,6,12)	120	108
had(1,10,12,6)	120	108
had(1,12,6,10)	120	108
had(1,12,10,6)	120	108
had(6,1,10,12)	120	108
had(6,1,12,10)	120	108
had(10,1,6,12)	120	108
had(10,1,12,6)	120	108
had(12,1,6,10)	120	108
had(12,1,10,6)	120	108
had(1,6,11,13)	120	108
had(1,6,13,11)	120	108
had(1,11,6,13)	120	108
had(1,11,13,6)	120	108
had(1,13,6,11)	120	108
had(1,13,11,6)	120	108
had(6,1,11,13)	120	108
had(6,1,13,11)	120	108
had(11,1,6,13)	120	108
had(11,1,13,6)	120	108
had(13,1,6,11)	120	108
had(13,1,11,6)	120	108
had(1,7,10,13)	120	108
had(1,7,13,10)	120	108
had(1,10,7,13)	120	108
had(1,10,13,7)	120	108
had(1,13,7,10)	120	108
had(1,13,10,7)	120	108
had(7,1,10,13)	120	108
had(7,1,13,10)	120	108
had(10,1,7,13)	120	108
had(10,1,13,7)	120	108
had(13,1,7,10)	120	108
had(13,1,10,7)	120	108
had(1,7,11,12)	120	108
had(1,7,12,11)	120	108
had(1,11,7,12)	120	108
had(1,11,12,7)	120	108
had(1,12,7,11)	120	108
had(1,12,11,7)	120	108
had(7,1,11,12)	120	108
had(7,1,12,11)	120	108
had(11,1,7,12)	120	108
had(11,1,12,7)	120	108
had(12,1,7,11)	120	108
had(12,1,11,7)	120	108
had(2,4,9,14)	112	108
had(2,4,14,9)	112	108
had(4,2,9,14)	112	108
had(4,2,14,9)	112	108
had(2,8,5,14)	112	108
had(2,8,14,5)	112	108
had(8,2,5,14)	112	108
had(8,2,14,5)	112	108
had(4,15,3,9)	112	108
had(4,15,9,3)	112	108
had(15,4,3,9)	112	108
had(15,4,9,3)	112	108
had(8,15,3,5)	112	108
had(8,15,5,3)	112	108
had(15,8,3,5)	112	108
had(15,8,5,3)	112	108
had(2,9,4,14)	112	112
had(2,9,14,4)	112	112
had(2,14,4,9)	112	112
had(2,14,9,4)	112	112
had(4,9,2,14)	112	112
had(4,9,14,2)	112	112
had(4,14,2,9)	112	112
had(4,14,9,2)	112	112
had(9,2,4,14)	112	112
had(9,2,14,4)	112	112
had(9,4,2,14)	112	112
had(9,4,14,2)	112	112
had(14,2,4,9)	112	112
had(14,2,9,4)	112	112
had(14,4,2,9)	112	112
had(14,4,9,2)	112	112
had(2,5,8,14)	112	112
had(2,5,14,8)	112	112
had(2,14,5,8)	112	112
had(2,14,8,5)	112	112
had(5,2,8,14)	112	112
had(5,2,14,8)	112	112
had(5,8,2,14)	112	112
had(5,8,14,2)	112	112
had(8,5,2,14)	112	112
had(8,5,14,2)	112	112
had(8,14,2,5)	112	112
had(8,14,5,2)	112	112
had(14,2,5,8)	112	112
had(14,2,8,5)	112	112
had(14,8,2,5)	112	112
had(14,8,5,2)	112	112
had(3,4,9,15)	112	112
had(3,4,15,9)	112	112
had(3,15,4,9)	112	112
had(3,15,9,4)	112	112
had(4,3,9,15)	112	112
had(4,3,15,9)	112	112
had(4,9,3,15)	112	112
had(4,9,15,3)	112	112
had(9,4,3,15)	112	112
had(9,4,15,3)	112	112
had(9,15,3,4)	112	112
had(9,15,4,3)	112	112
had(15,3,4,9)	112	112
had(15,3,9,4)	112	112
had(15,9,3,4)	112	112
had(15,9,4,3)	112	112
had(3,8,5,15)	112	112
had(3,8,15,5)	112	112
had(3,15,5,8)	112	112
had(3,15,8,5)	112	112
had(5,8,3,15)	112	112
had(5,8,15,3)	112	112
had(5,15,3,8)	112	112
had(5,15,8,3)	112	112
had(8,3,5,15)	112	112
had(8,3,15,5)	112	112
had(8,5,3,15)	112	112
had(8,5,15,3)	112	112
had(15,3,5,8)	112	112
had(15,3,8,5)	112	112
had(15,5,3,8)	112	112
had(15,5,8,3)	112	112
had(2,6,4,1)	96	114
had(4,6,2,1)	96	114
had(6,2,1,4)	96	114
had(6,4,1,2)	96	114
had(2,7,5,1)	104	114
had(7,2,1,5)	104	114
had(2,10,8,1)	96	114
had(8,10,2,1)	96	114
had(10,2,1,8)	96	114
had(10,8,1,2)	96	114
had(2,12,14,1)	104	114
had(12,2,1,14)	104	114
had(2,13,15,1)	96	114
had(13,2,1,15)	96	114
had(13,15,1,2)	96	114
had(15,13,2,1)	96	114
had(8,11,3,1)	104	114
had(11,8,1,3)	104	114
had(12,15,1,3)	104	114
had(15,12,3,1)	104	114
had(4,12,8,1)	96	114
had(8,12,4,1)	96	114
had(12,4,1,8)	96	114
had(12,8,1,4)	96	114
had(4,13,9,1)	104	114
had(13,4,1,9)	104	114
had(4,10,14,1)	104	114
had(10,4,1,14)	104	114
had(4,11,15,1)	96	114
had(11,4,1,15)	96	114
had(11,15,1,4)	96	114
had(15,11,4,1)	96	114
had(8,13,5,1)	104	114
had(13,8,1,5)	104	114
had(6,15,1,9)	104	114
had(15,6,9,1)	104	114
had(7,8,1,15)	96	114
had(7,15,1,8)	96	114
had(8,7,15,1)	96	114
had(15,7,8,1)	96	114
had(2,10,4,13)	120	114
had(2,13,4,10)	120	114
had(4,10,2,13)	120	114
had(4,13,2,10)	120	114
had(10,2,13,4)	120	114
had(10,4,13,2)	120	114
had(13,2,10,4)	120	114
had(13,4,10,2)	120	114
had(2,10,5,12)	128	114
had(2,12,5,10)	128	114
had(10,2,12,5)	128	114
had(12,2,10,5)	128	114
had(2,11,5,13)	128	114
had(2,13,5,11)	128	114
had(11,2,13,5)	128	114
had(13,2,11,5)	128	114
had(2,6,9,12)	128	114
had(2,12,9,6)	128	114
had(6,2,12,9)	128	114
had(12,2,6,9)	128	114
had(2,6,15,10)	120	114
had(2,10,15,6)	120	114
had(6,2,10,15)	120	114
had(6,15,10,2)	120	114
had(10,2,6,15)	120	114
had(10,15,6,2)	120	114
had(15,6,2,10)	120	114
had(15,10,2,6)	120	114
had(2,6,14,11)	128	114
had(2,11,14,6)	128	114
had(6,2,11,14)	128	114
had(11,2,6,14)	128	114
had(2,7,8,12)	120	114
had(2,12,8,7)	120	114
had(7,2,12,8)	120	114
had(7,8,12,2)	120	114
had(8,7,2,12)	120	114
had(8,12,2,7)	120	114
had(12,2,7,8)	120	114
had(12,8,7,2)	120	114
had(2,7,9,13)	128	114
had(2,13,9,7)	128	114
had(7,2,13,9)	128	114
had(13,2,7,9)	128	114
had(2,7,15,11)	120	114
had(2,11,15,7)	120	114
had(7,2,11,15)	120	114
had(7,15,11,2)	120	114
had(11,2,7,15)	120	114
had(11,15,7,2)	120	114
had(15,7,2,11)	120	114
had(15,11,2,7)	120	114
had(4,10,3,12)	128	114
had(4,12,3,10)	128	114
had(10,4,12,3)	128	114
had(12,4,10,3)	128	114
had(4,11,3,13)	128	114
had(4,13,3,11)	128	114
had(11,4,13,3)	128	114
had(13,4,11,3)	128	114
had(6,8,12,3)	128	114
had(8,6,3,12)	128	114
had(8,12,3,6)	128	114
had(12,8,6,3)	128	114
had(7,8,13,3)	128	114
had(8,7,3,13)	128	114
had(8,13,3,7)	128	114
had(13,8,7,3)	128	114
had(7,15,10,3)	128	114
had(10,15,7,3)	128	114
had(15,7,3,10)	128	114
had(15,10,3,7)	128	114
had(4,6,8,11)	120	114
had(4,11,8,6)	120	114
had(6,4,11,8)	120	114
had(6,8,11,4)	120	114
had(8,6,4,11)	120	114
had(8,11,4,6)	120	114
had(11,4,6,8)	120	114
had(11,8,6,4)	120	114
had(4,6,15,12)	120	114
had(4,12,15,6)	120	114
had(6,4,12,15)	120	114
had(6,15,12,4)	120	114
had(12,4,6,15)	120	114
had(12,15,6,4)	120	114
had(15,6,4,12)	120	114
had(15,12,4,6)	120	114
had(4,6,14,13)	128	114
had(4,13,14,6)	128	114
had(6,4,13,14)	128	114
had(13,4,6,14)	128	114
had(4,7,8,10)	120	114
had(4,10,8,7)	120	114
had(7,4,10,8)	120	114
had(7,8,10,4)	120	114
had(8,7,4,10)	120	114
had(8,10,4,7)	120	114
had(10,4,7,8)	120	114
had(10,8,7,4)	120	114
had(4,7,9,11)	128	114
had(4,11,9,7)	128	114
had(7,4,11,9)	128	114
had(11,4,7,9)	128	114
had(4,7,14,12)	128	114
had(4,12,14,7)	128	114
had(7,4,12,14)	128	114
had(12,4,7,14)	128	114
had(6,8,10,5)	128	114
had(8,6,5,10)	128	114
had(8,10,5,6)	128	114
had(10,8,6,5)	128	114
had(6,15,13,5)	128	114
had(13,15,6,5)	128	114
had(15,6,5,13)	128	114
had(15,13,5,6)	128	114
had(7,15,12,5)	128	114
had(12,15,7,5)	128	114
had(15,7,5,12)	128	114
had(15,12,5,7)	128	114
had(8,10,14,13)	128	114
had(8,13,14,10)	128	114
had(10,8,13,14)	128	114
had(13,8,10,14)	128	114
had(8,11,14,12)	128	114
had(8,12,14,11)	128	114
had(11,8,12,14)	128	114
had(12,8,11,14)	128	114
had(8,11,15,13)	120	114
had(8,13,15,11)	120	114
had(11,8,13,15)	120	114
had(11,15,13,8)	120	114
had(13,8,11,15)	120	114
had(13,15,11,8)	120	114
had(15,11,8,13)	120	114
had(15,13,8,11)	120	114
had(10,15,13,9)	128	114
had(13,15,10,9)	128	114
had(15,10,9,13)	128	114
had(15,13,9,10)	128	114
had(11,15,12,9)	128	114
had(12,15,11,9)	128	114
had(15,11,9,12)	128	114
had(15,12,9,11)	128	114
had(9,14,2,4)	112	116
had(9,14,4,2)	112	116
had(14,9,2,4)	112	116
had(14,9,4,2)	112	116
had(5,14,2,8)	112	116
had(5,14,8,2)	112	116
had(14,5,2,8)	112	116
had(14,5,8,2)	112	116
had(3,9,4,15)	112	116
had(3,9,15,4)	112	116
had(9,3,4,15)	112	116
had(9,3,15,4)	112	116
had(3,5,8,15)	112	116
had(3,5,15,8)	112	116
had(5,3,8,15)	112	116
had(5,3,15,8)	112	116
had(3,5,9,14)	128	116
had(3,5,14,9)	128	116
had(3,9,5,14)	128	116
had(3,9,14,5)	128	116
had(3,14,5,9)	128	116
had(3,14,9,5)	128	116
had(5,3,9,14)	128	116
had(5,3,14,9)	128	116
had(5,9,3,14)	128	116
had(5,9,14,3)	128	116
had(5,14,3,9)	128	116
had(5,14,9,3)	128	116
had(9,3,5,14)	128	116
had(9,3,14,5)	128	116
had(9,5,3,14)	128	116
had(9,5,14,3)	128	116
had(9,14,3,5)	128	116
had(9,14,5,3)	128	116
had(14,3,5,9)	128	116
had(14,3,9,5)	128	116
had(14,5,3,9)	128	116
had(14,5,9,3)	128	116
had(14,9,3,5)	128	116
had(14,9,5,3)	128	116
had(5,7,2,1)	104	118
had(7,5,1,2)	104	118
had(12,14,1,2)	104	118
had(14,12,2,1)	104	118
had(3,6,5,1)	112	118
had(5,6,3,1)	112	118
had(6,3,1,5)	112	118
had(6,5,1,3)	112	118
had(3,11,8,1)	104	118
had(11,3,1,8)	104	118
had(3,10,9,1)	112	118
had(9,10,3,1)	112	118
had(10,3,1,9)	112	118
had(10,9,1,3)	112	118
had(3,12,15,1)	104	118
had(12,3,1,15)	104	118
had(9,13,4,1)	104	118
had(13,9,1,4)	104	118
had(10,14,1,4)	104	118
had(14,10,4,1)	104	118
had(5,13,8,1)	104	118
had(13,5,1,8)	104	118
had(5,11,14,1)	112	118
had(11,5,1,14)	112	118
had(11,14,1,5)	112	118
had(14,11,5,1)	112	118
had(6,9,1,15)	104	118
had(9,6,15,1)	104	118
had(7,9,1,14)	112	118
had(7,14,1,9)	112	118
had(9,7,14,1)	112	118
had(14,7,9,1)	112	118
had(5,10,2,12)	128	118
had(5,12,2,10)	128	118
had(10,5,12,2)	128	118
had(12,5,10,2)	128	118
had(5,11,2,13)	128	118
had(5,13,2,11)	128	118
had(11,5,13,2)	128	118
had(13,5,11,2)	128	118
had(6,9,12,2)	128	118
had(9,6,2,12)	128	118
had(9,12,2,6)	128	118
had(12,9,6,2)	128	118
had(6,14,11,2)	128	118
had(11,14,6,2)	128	118
had(14,6,2,11)	128	118
had(14,11,2,6)	128	118
had(7,9,13,2)	128	118
had(9,7,2,13)	128	118
had(9,13,2,7)	128	118
had(13,9,7,2)	128	118
had(3,10,4,12)	128	118
had(3,12,4,10)	128	118
had(10,3,12,4)	128	118
had(12,3,10,4)	128	118
had(3,11,4,13)	128	118
had(3,13,4,11)	128	118
had(11,3,13,4)	128	118
had(13,3,11,4)	128	118
had(3,10,5,13)	136	118
had(3,13,5,10)	136	118
had(5,10,3,13)	136	118
had(5,13,3,10)	136	118
had(10,3,13,5)	136	118
had(10,5,13,3)	136	118
had(13,3,10,5)	136	118
had(13,5,10,3)	136	118
had(3,6,8,12)	128	118
had(3,12,8,6)	128	118
had(6,3,12,8)	128	118
had(12,3,6,8)	128	118
had(3,6,14,10)	136	118
had(3,10,14,6)	136	118
had(6,3,10,14)	136	118
had(6,14,10,3)	136	118
had(10,3,6,14)	136	118
had(10,14,6,3)	136	118
had(14,6,3,10)	136	118
had(14,10,3,6)	136	118
had(3,7,8,13)	128	118
had(3,13,8,7)	128	118
had(7,3,13,8)	128	118
had(13,3,7,8)	128	118
had(3,7,9,12)	136	118
had(3,12,9,7)	136	118
had(7,3,12,9)	136	118
had(7,9,12,3)	136	118
had(9,7,3,12)	136	118
had(9,12,3,7)	136	118
had(12,3,7,9)	136	118
had(12,9,7,3)	136	118
had(3,7,15,10)	128	118
had(3,10,15,7)	128	118
had(7,3,10,15)	128	118
had(10,3,7,15)	128	118
had(3,7,14,11)	136	118
had(3,11,14,7)	136	118
had(7,3,11,14)	136	118
had(7,14,11,3)	136	118
had(11,3,7,14)	136	118
had(11,14,7,3)	136	118
had(14,7,3,11)	136	118
had(14,11,3,7)	136	118
had(6,14,13,4)	128	118
had(13,14,6,4)	128	118
had(14,6,4,13)	128	118
had(14,13,4,6)	128	118
had(7,9,11,4)	128	118
had(9,7,4,11)	128	118
had(9,11,4,7)	128	118
had(11,9,7,4)	128	118
had(7,14,12,4)	128	118
had(12,14,7,4)	128	118
had(14,7,4,12)	128	118
had(14,12,4,7)	128	118
had(5,6,8,10)	128	118
had(5,10,8,6)	128	118
had(6,5,10,8)	128	118
had(10,5,6,8)	128	118
had(5,6,9,11)	136	118
had(5,11,9,6)	136	118
had(6,5,11,9)	136	118
had(6,9,11,5)	136	118
had(9,6,5,11)	136	118
had(9,11,5,6)	136	118
had(11,5,6,9)	136	118
had(11,9,6,5)	136	118
had(5,6,14,12)	136	118
had(5,12,14,6)	136	118
had(6,5,12,14)	136	118
had(6,14,12,5)	136	118
had(12,5,6,14)	136	118
had(12,14,6,5)	136	118
had(14,6,5,12)	136	118
had(14,12,5,6)	136	118
had(5,6,15,13)	128	118
had(5,13,15,6)	128	118
had(6,5,13,15)	128	118
had(13,5,6,15)	128	118
had(5,7,9,10)	136	118
had(5,10,9,7)	136	118
had(7,5,10,9)	136	118
had(7,9,10,5)	136	118
had(9,7,5,10)	136	118
had(9,10,5,7)	136	118
had(10,5,7,9)	136	118
had(10,9,7,5)	136	118
had(5,7,15,12)	128	118
had(5,12,15,7)	128	118
had(7,5,12,15)	128	118
had(12,5,7,15)	128	118
had(10,14,13,8)	128	118
had(13,14,10,8)	128	118
had(14,10,8,13)	128	118
had(14,13,8,10)	128	118
had(11,14,12,8)	128	118
had(12,14,11,8)	128	118
had(14,11,8,12)	128	118
had(14,12,8,11)	128	118
had(9,10,15,13)	128	118
had(9,13,15,10)	128	118
had(10,9,13,15)	128	118
had(13,9,10,15)	128	118
had(9,11,15,12)	128	118
had(9,12,15,11)	128	118
had(11,9,12,15)	128	118
had(12,9,11,15)	128	118
had(9,11,14,13)	136	118
had(9,13,14,11)	136	118
had(11,9,13,14)	136	118
had(11,14,13,9)	136	118
had(13,9,11,14)	136	118
had(13,14,11,9)	136	118
had(14,11,9,13)	136	118
had(14,13,9,11)	136	118
had(6,10,1,12)	120	120
had(6,10,12,1)	120	120
had(6,12,1,10)	120	120
had(6,12,10,1)	120	120
had(10,6,1,12)	120	120
had(10,6,12,1)	120	120
had(10,12,1,6)	120	120
had(10,12,6,1)	120	120
had(12,6,1,10)	120	120
had(12,6,10,1)	120	120
had(12,10,1,6)	120	120
had(12,10,6,1)	120	120
had(6,11,1,13)	120	120
had(6,11,13,1)	120	120
had(6,13,1,11)	120	120
had(6,13,11,1)	120	120
had(11,6,1,13)	120	120
had(11,6,13,1)	120	120
had(11,13,1,6)	120	120
had(11,13,6,1)	120	120
had(13,6,1,11)	120	120
had(13,6,11,1)	120	120
had(13,11,1,6)	120	120
had(13,11,6,1)	120	120
had(7,10,1,13)	120	120
had(7,10,13,1)	120	120
had(7,13,1,10)	120	120
had(7,13,10,1)	120	120
had(10,7,1,13)	120	120
had(10,7,13,1)	120	120
had(10,13,1,7)	120	120
had(10,13,7,1)	120	120
had(13,7,1,10)	120	120
had(13,7,10,1)	120	120
had(13,10,1,7)	120	120
had(13,10,7,1)	120	120
had(7,11,1,12)	120	120
had(7,11,12,1)	120	120
had(7,12,1,11)	120	120
had(7,12,11,1)	120	120
had(11,7,1,12)	120	120
had(11,7,12,1)	120	120
had(11,12,1,7)	120	120
had(11,12,7,1)	120	120
had(12,7,1,11)	120	120
had(12,7,11,1)	120	120
had(12,11,1,7)	120	120
had(12,11,7,1)	120	120
